0
1024
2047
3068
4086
5101
6110
7113
8109
9097
10077
11046
12005
12952
13887
14807
15714
16605
17480
18337
19177
19998
20800
21581
22341
23079
23795
24487
25156
25800
26418
27011
27578
28118
28630
29114
29569
29996
30394
30762
31099
31407
31683
31929
32144
32327
32478
32598
32686
32742
32766
32758
32718
32646
32542
32406
32239
32040
31810
31549
31257
30934
30581
30199
29787
29345
28875
28377
27851
27298
26718
26112
25481
24825
24144
23440
22713
21963
21193
20401
19590
18759
17911
17044
16161
15262
14349
13421
12480
11527
10563
9588
8604
7612
6612
5606
4594
3578
2558
1536
512
-512
-1536
-2558
-3578
-4594
-5606
-6612
-7612
-8604
-9588
-10563
-11527
-12480
-13421
-14349
-15262
-16161
-17044
-17911
-18759
-19590
-20401
-21193
-21963
-22713
-23440
-24144
-24825
-25481
-26112
-26718
-27298
-27851
-28377
-28875
-29345
-29787
-30199
-30581
-30934
-31257
-31549
-31810
-32040
-32239
-32406
-32542
-32646
-32718
-32758
-32766
-32742
-32686
-32598
-32478
-32327
-32144
-31929
-31683
-31407
-31099
-30762
-30394
-29996
-29569
-29114
-28630
-28118
-27578
-27011
-26418
-25800
-25156
-24487
-23795
-23079
-22341
-21581
-20800
-19998
-19177
-18337
-17480
-16605
-15714
-14807
-13887
-12952
-12005
-11046
-10077
-9097
-8109
-7113
-6110
-5101
-4086
-3068
-2047
-1024
