0
4086
8109
12005
15714
19177
22341
25156
27578
29569
31099
32144
32686
32718
32239
31257
29787
27851
25481
22713
19590
16161
12480
8604
4594
512
-3578
-7612
-11527
-15262
-18759
-21963
-24825
-27298
-29345
-30934
-32040
-32646
-32742
-32327
-31407
-29996
-28118
-25800
-23079
-19998
-16605
-12952
-9097
-5101
-1024
3068
7113
11046
14807
18337
21581
24487
27011
29114
30762
31929
32598
32758
32406
31549
30199
28377
26112
23440
20401
17044
13421
9588
5606
1536
-2558
-6612
-10563
-14349
-17911
-21193
-24144
-26718
-28875
-30581
-31810
-32542
-32766
-32478
-31683
-30394
-28630
-26418
-23795
-20800
-17480
-13887
-10077
-6110
-2047
2047
6110
10077
13887
17480
20800
23795
26418
28630
30394
31683
32478
32766
32542
31810
30581
28875
26718
24144
21193
17911
14349
10563
6612
2558
-1536
-5606
-9588
-13421
-17044
-20401
-23440
-26112
-28377
-30199
-31549
-32406
-32758
-32598
-31929
-30762
-29114
-27011
-24487
-21581
-18337
-14807
-11046
-7113
-3068
1024
5101
9097
12952
16605
19998
23079
25800
28118
29996
31407
32327
32742
32646
32040
30934
29345
27298
24825
21963
18759
15262
11527
7612
3578
-512
-4594
-8604
-12480
-16161
-19590
-22713
-25481
-27851
-29787
-31257
-32239
-32718
-32686
-32144
-31099
-29569
-27578
-25156
-22341
-19177
-15714
-12005
-8109
-4086
0
4086
8109
12005
15714
19177
22341
25156
27578
29569
31099
32144
32686
32718
32239
31257
29787
27851
25481
22713
19590
16161
12480
8604
4594
512
-3578
-7612
-11527
-15262
-18759
-21963
-24825
-27298
-29345
-30934
-32040
-32646
-32742
-32327
-31407
-29996
-28118
-25800
-23079
-19998
-16605
-12952
-9097
-5101
-1024
3068
7113
11046
14807
18337
21581
24487
27011
29114
30762
31929
32598
32758
32406
31549
30199
28377
26112
23440
20401
17044
13421
9588
5606
1536
-2558
-6612
-10563
-14349
-17911
-21193
-24144
-26718
-28875
-30581
-31810
-32542
-32766
-32478
-31683
-30394
-28630
-26418
-23795
-20800
-17480
-13887
-10077
-6110
-2047
2047
6110
10077
13887
17480
20800
23795
26418
28630
30394
31683
32478
32766
32542
31810
30581
28875
26718
24144
21193
17911
14349
10563
6612
2558
-1536
-5606
-9588
-13421
-17044
-20401
-23440
-26112
-28377
-30199
-31549
-32406
-32758
-32598
-31929
-30762
-29114
-27011
-24487
-21581
-18337
-14807
-11046
-7113
-3068
1024
5101
9097
12952
16605
19998
23079
25800
28118
29996
31407
32327
32742
32646
32040
30934
29345
27298
24825
21963
18759
15262
11527
7612
3578
-512
-4594
-8604
-12480
-16161
-19590
-22713
-25481
-27851
-29787
-31257
-32239
-32718
-32686
-32144
-31099
-29569
-27578
-25156
-22341
-19177
-15714
-12005
-8109
-4086
0
4086
8109
12005
15714
19177
22341
25156
27578
29569
31099
32144
32686
32718
32239
31257
29787
27851
25481
22713
19590
16161
12480
8604
4594
512
-3578
-7612
-11527
-15262
-18759
-21963
-24825
-27298
-29345
-30934
-32040
-32646
-32742
-32327
-31407
-29996
-28118
-25800
-23079
-19998
-16605
-12952
-9097
-5101
-1024
3068
7113
11046
14807
18337
21581
24487
27011
29114
30762
31929
32598
32758
32406
31549
30199
28377
26112
23440
20401
17044
13421
9588
5606
1536
-2558
-6612
-10563
-14349
-17911
-21193
-24144
-26718
-28875
-30581
-31810
-32542
-32766
-32478
-31683
-30394
-28630
-26418
-23795
-20800
-17480
-13887
-10077
-6110
-2047
2047
6110
10077
13887
17480
20800
23795
26418
28630
30394
31683
32478
32766
32542
31810
30581
28875
26718
24144
21193
17911
14349
10563
6612
2558
-1536
-5606
-9588
-13421
-17044
-20401
-23440
-26112
-28377
-30199
-31549
-32406
-32758
-32598
-31929
-30762
-29114
-27011
-24487
-21581
-18337
-14807
-11046
-7113
-3068
1024
5101
9097
12952
16605
19998
23079
25800
28118
29996
31407
32327
32742
32646
32040
30934
29345
27298
24825
21963
18759
15262
11527
7612
3578
-512
-4594
-8604
-12480
-16161
-19590
-22713
-25481
-27851
-29787
-31257
-32239
-32718
-32686
-32144
-31099
-29569
-27578
-25156
-22341
-19177
-15714
-12005
-8109
-4086
0
4086
8109
12005
15714
19177
22341
25156
27578
29569
31099
32144
32686
32718
32239
31257
29787
27851
25481
22713
19590
16161
12480
8604
4594
512
-3578
-7612
-11527
-15262
-18759
-21963
-24825
-27298
-29345
-30934
-32040
-32646
-32742
-32327
-31407
-29996
-28118
-25800
-23079
-19998
-16605
-12952
-9097
-5101
-1024
3068
7113
11046
14807
18337
21581
24487
27011
29114
30762
31929
32598
32758
32406
31549
30199
28377
26112
23440
20401
17044
13421
9588
5606
1536
-2558
-6612
-10563
-14349
-17911
-21193
-24144
-26718
-28875
-30581
-31810
-32542
-32766
-32478
-31683
-30394
-28630
-26418
-23795
-20800
-17480
-13887
-10077
-6110
-2047
2047
6110
10077
13887
17480
20800
23795
26418
28630
30394
31683
32478
32766
32542
31810
30581
28875
26718
24144
21193
17911
14349
10563
6612
2558
-1536
-5606
-9588
-13421
-17044
-20401
-23440
-26112
-28377
-30199
-31549
-32406
-32758
-32598
-31929
-30762
-29114
-27011
-24487
-21581
-18337
-14807
-11046
-7113
-3068
1024
5101
9097
12952
16605
19998
23079
25800
28118
29996
31407
32327
32742
32646
32040
30934
29345
27298
24825
21963
18759
15262
11527
7612
3578
-512
-4594
-8604
-12480
-16161
-19590
-22713
-25481
-27851
-29787
-31257
-32239
-32718
-32686
-32144
-31099
-29569
-27578
-25156
-22341
-19177
-15714
-12005
-8109
-4086
0
4086
8109
12005
15714
19177
22341
25156
27578
29569
31099
32144
32686
32718
32239
31257
29787
27851
25481
22713
19590
16161
12480
8604
4594
512
-3578
-7612
-11527
-15262
-18759
-21963
-24825
-27298
-29345
-30934
-32040
-32646
-32742
-32327
-31407
-29996
-28118
-25800
-23079
-19998
-16605
-12952
-9097
-5101
-1024
3068
7113
11046
14807
18337
21581
24487
27011
29114
30762
31929
32598
32758
32406
31549
30199
28377
26112
23440
20401
17044
13421
9588
5606
1536
-2558
-6612
-10563
-14349
-17911
-21193
-24144
-26718
-28875
-30581
-31810
-32542
-32766
-32478
-31683
-30394
-28630
-26418
-23795
-20800
-17480
-13887
-10077
-6110
-2047
2047
6110
10077
13887
17480
20800
23795
26418
28630
30394
31683
32478
32766
32542
31810
30581
28875
26718
24144
21193
17911
14349
10563
6612
2558
-1536
-5606
-9588
-13421
-17044
-20401
-23440
-26112
-28377
-30199
-31549
-32406
-32758
-32598
-31929
-30762
-29114
-27011
-24487
-21581
-18337
-14807
-11046
-7113
-3068
1024
5101
9097
12952
16605
19998
23079
25800
28118
29996
31407
32327
32742
32646
32040
30934
29345
27298
24825
21963
18759
15262
11527
7612
3578
-512
-4594
-8604
-12480
-16161
-19590
-22713
-25481
-27851
-29787
-31257
-32239
-32718
-32686
-32144
-31099
-29569
-27578
-25156
-22341
-19177
-15714
-12005
-8109
-4086
0
4086
8109
12005
15714
19177
22341
25156
27578
29569
31099
32144
32686
32718
32239
31257
29787
27851
25481
22713
19590
16161
12480
8604
4594
512
-3578
-7612
-11527
-15262
-18759
-21963
-24825
-27298
-29345
-30934
-32040
-32646
-32742
-32327
-31407
-29996
-28118
-25800
-23079
-19998
-16605
-12952
-9097
-5101
-1024
3068
7113
11046
14807
18337
21581
24487
27011
29114
30762
31929
32598
32758
32406
31549
30199
28377
26112
23440
20401
17044
13421
9588
5606
1536
-2558
-6612
-10563
-14349
-17911
-21193
-24144
-26718
-28875
-30581
-31810
-32542
-32766
-32478
-31683
-30394
-28630
-26418
-23795
-20800
-17480
-13887
-10077
-6110
-2047
2047
6110
10077
13887
17480
20800
23795
26418
28630
30394
31683
32478
32766
32542
31810
30581
28875
26718
24144
21193
17911
14349
10563
6612
2558
-1536
-5606
-9588
-13421
-17044
-20401
-23440
-26112
-28377
-30199
-31549
-32406
-32758
-32598
-31929
-30762
-29114
-27011
-24487
-21581
-18337
-14807
-11046
-7113
-3068
1024
5101
9097
12952
16605
19998
23079
25800
28118
29996
31407
32327
32742
32646
32040
30934
29345
27298
24825
21963
18759
15262
11527
7612
3578
-512
-4594
-8604
-12480
-16161
-19590
-22713
-25481
-27851
-29787
-31257
-32239
-32718
-32686
-32144
-31099
-29569
-27578
-25156
-22341
-19177
-15714
-12005
-8109
-4086
0
4086
8109
12005
15714
19177
22341
25156
27578
29569
31099
32144
32686
32718
32239
31257
29787
27851
25481
22713
19590
16161
12480
8604
4594
512
-3578
-7612
-11527
-15262
-18759
-21963
-24825
-27298
-29345
-30934
-32040
-32646
-32742
-32327
-31407
-29996
-28118
-25800
-23079
-19998
-16605
-12952
-9097
-5101
-1024
3068
7113
11046
14807
18337
21581
24487
27011
29114
30762
31929
32598
32758
32406
31549
30199
28377
26112
23440
20401
17044
13421
9588
5606
1536
-2558
-6612
-10563
-14349
-17911
-21193
-24144
-26718
-28875
-30581
-31810
-32542
-32766
-32478
-31683
-30394
-28630
-26418
-23795
-20800
-17480
-13887
-10077
-6110
-2047
2047
6110
10077
13887
17480
20800
23795
26418
28630
30394
31683
32478
32766
32542
31810
30581
28875
26718
24144
21193
17911
14349
10563
6612
2558
-1536
-5606
-9588
-13421
-17044
-20401
-23440
-26112
-28377
-30199
-31549
-32406
-32758
-32598
-31929
-30762
-29114
-27011
-24487
-21581
-18337
-14807
-11046
-7113
-3068
1024
5101
9097
12952
16605
19998
23079
25800
28118
29996
31407
32327
32742
32646
32040
30934
29345
27298
24825
21963
18759
15262
11527
7612
3578
-512
-4594
-8604
-12480
-16161
-19590
-22713
-25481
-27851
-29787
-31257
-32239
-32718
-32686
-32144
-31099
-29569
-27578
-25156
-22341
-19177
-15714
-12005
-8109
-4086
0
4086
8109
12005
15714
19177
22341
25156
27578
29569
31099
32144
32686
32718
32239
31257
29787
27851
25481
22713
19590
16161
12480
8604
4594
512
-3578
-7612
-11527
-15262
-18759
-21963
-24825
-27298
-29345
-30934
-32040
-32646
-32742
-32327
-31407
-29996
-28118
-25800
-23079
-19998
-16605
-12952
-9097
-5101
-1024
3068
7113
11046
14807
18337
21581
24487
27011
29114
30762
31929
32598
32758
32406
31549
30199
28377
26112
23440
20401
17044
13421
9588
5606
1536
-2558
-6612
-10563
-14349
-17911
-21193
-24144
-26718
-28875
-30581
-31810
-32542
-32766
-32478
-31683
-30394
-28630
-26418
-23795
-20800
-17480
-13887
-10077
-6110
-2047
2047
6110
10077
13887
17480
20800
23795
26418
28630
30394
31683
32478
32766
32542
31810
30581
28875
26718
24144
21193
17911
14349
10563
6612
2558
-1536
-5606
-9588
-13421
-17044
-20401
-23440
-26112
-28377
-30199
-31549
-32406
-32758
-32598
-31929
-30762
-29114
-27011
-24487
-21581
-18337
-14807
-11046
-7113
-3068
1024
5101
9097
12952
16605
19998
23079
25800
28118
29996
31407
32327
32742
32646
32040
30934
29345
27298
24825
21963
18759
15262
11527
7612
3578
-512
-4594
-8604
-12480
-16161
-19590
-22713
-25481
-27851
-29787
-31257
-32239
-32718
-32686
-32144
-31099
-29569
-27578
-25156
-22341
-19177
-15714
-12005
-8109
-4086
0
4086
8109
12005
15714
19177
22341
25156
27578
29569
31099
32144
32686
32718
32239
31257
29787
27851
25481
22713
19590
16161
12480
8604
4594
512
-3578
-7612
-11527
-15262
-18759
-21963
-24825
-27298
-29345
-30934
-32040
-32646
-32742
-32327
-31407
-29996
-28118
-25800
-23079
-19998
-16605
-12952
-9097
-5101
-1024
3068
7113
11046
14807
18337
21581
24487
27011
29114
30762
31929
32598
32758
32406
31549
30199
28377
26112
23440
20401
17044
13421
9588
5606
1536
-2558
-6612
-10563
-14349
-17911
-21193
-24144
-26718
-28875
-30581
-31810
-32542
-32766
-32478
-31683
-30394
-28630
-26418
-23795
-20800
-17480
-13887
-10077
-6110
-2047
2047
6110
10077
13887
17480
20800
23795
26418
28630
30394
31683
32478
32766
32542
31810
30581
28875
26718
24144
21193
17911
14349
10563
6612
2558
-1536
-5606
-9588
-13421
-17044
-20401
-23440
-26112
-28377
-30199
-31549
-32406
-32758
-32598
-31929
-30762
-29114
-27011
-24487
-21581
-18337
-14807
-11046
-7113
-3068
1024
5101
9097
12952
16605
19998
23079
25800
28118
29996
31407
32327
32742
32646
32040
30934
29345
27298
24825
21963
18759
15262
11527
7612
3578
-512
-4594
-8604
-12480
-16161
-19590
-22713
-25481
-27851
-29787
-31257
-32239
-32718
-32686
-32144
-31099
-29569
-27578
-25156
-22341
-19177
-15714
-12005
-8109
-4086
0
4086
8109
12005
15714
19177
22341
25156
27578
29569
31099
32144
32686
32718
32239
31257
29787
27851
25481
22713
19590
16161
12480
8604
4594
512
-3578
-7612
-11527
-15262
-18759
-21963
-24825
-27298
-29345
-30934
-32040
-32646
-32742
-32327
-31407
-29996
-28118
-25800
-23079
-19998
-16605
-12952
-9097
-5101
-1024
3068
7113
11046
14807
18337
21581
24487
27011
29114
30762
31929
32598
32758
32406
31549
30199
28377
26112
23440
20401
17044
13421
9588
5606
1536
-2558
-6612
-10563
-14349
-17911
-21193
-24144
-26718
-28875
-30581
-31810
-32542
-32766
-32478
-31683
-30394
-28630
-26418
-23795
-20800
-17480
-13887
-10077
-6110
-2047
2047
6110
10077
13887
17480
20800
23795
26418
28630
30394
31683
32478
32766
32542
31810
30581
28875
26718
24144
21193
17911
14349
10563
6612
2558
-1536
-5606
-9588
-13421
-17044
-20401
-23440
-26112
-28377
-30199
-31549
-32406
-32758
-32598
-31929
-30762
-29114
-27011
-24487
-21581
-18337
-14807
-11046
-7113
-3068
1024
5101
9097
12952
16605
19998
23079
25800
28118
29996
31407
32327
32742
32646
32040
30934
29345
27298
24825
21963
18759
15262
11527
7612
3578
-512
-4594
-8604
-12480
-16161
-19590
-22713
-25481
-27851
-29787
-31257
-32239
-32718
-32686
-32144
-31099
-29569
-27578
-25156
-22341
-19177
-15714
-12005
-8109
-4086
