0
6110
12005
17480
22341
26418
29569
31683
32686
32542
31257
28875
25481
21193
16161
-20401
-26112
-30199
-32406
-32598
-30762
-27011
-21581
-14807
-7113
1024
9097
16605
23079
28118
31407
32742
32040
29345
24825
18759
11527
3578
-4594
-12480
-19590
-25481
-29787
-32239
-32686
-31099
-27578
-22341
-15714
-8109
-31683
-29569
-26418
-22341
-17480
-12005
-6110
0
6110
12005
17480
22341
26418
29569
31683
32686
32542
31257
28875
25481
21193
16161
10563
4594
-1536
-7612
-13421
-18759
-23440
-27298
-30199
-32040
-32758
-32327
-30762
-28118
-24487
-19998
-14807
-9097
-3068
3068
9097
14807
19998
24487
28118
30762
32327
32758
32040
30199
27298
23440
18759
13421
7612
1536
-4594
-10563
-16161
-21193
-25481
-28875
-31257
-32542
-32686
-31683
-29569
-26418
-22341
-17480
-12005
-6110
0
6110
12005
17480
22341
26418
29569
31683
32686
32542
31257
28875
25481
21193
16161
10563
4594
-1536
-7612
-13421
-18759
-23440
-27298
-30199
-32040
-32758
-32327
-30762
-28118
-24487
-19998
-14807
-9097
-3068
3068
9097
14807
19998
24487
28118
30762
32327
32758
32040
30199
27298
23440
18759
13421
7612
1536
-4594
-10563
-16161
-21193
-25481
-28875
-31257
-32542
-32686
-31683
-29569
-26418
-22341
-17480
-12005
-6110
0
6110
12005
17480
22341
26418
29569
31683
32686
32542
0
6110
12005
17480
22341
31683
32766
31810
28875
24144
17911
10563
2558
-5606
-13421
-20401
-26112
-30199
-32406
-32598
-30762
-27011
-21581
-14807
-7113
1024
9097
16605
23079
28118
31407
32742
32040
29345
24825
18759
11527
3578
-4594
-12480
-19590
-25481
-29787
-32239
-32686
-31099
-27578
-22341
-15714
-8109
-31683
-29569
-26418
-22341
-17480
-12005
-6110
0
6110
12005
17480
22341
26418
29569
31683
32686
32542
31257
28875
25481
21193
16161
10563
4594
-1536
-7612
-13421
-18759
-23440
-27298
-30199
-32040
-32758
-32327
-30762
-28118
-24487
-19998
-14807
-9097
-3068
3068
9097
14807
19998
24487
28118
30762
32327
32758
32040
30199
27298
23440
18759
13421
7612
1536
-4594
-10563
-16161
-21193
-25481
-28875
-31257
-32542
-32686
-31683
-29569
-26418
-22341
-17480
-12005
-6110
0
6110
12005
17480
22341
26418
29569
31683
32686
32542
31257
28875
25481
21193
16161
10563
4594
-1536
-7612
-13421
-18759
-23440
-27298
-30199
-32040
-32758
-32327
-30762
-28118
-24487
-19998
-14807
-9097
-3068
3068
9097
14807
19998
24487
28118
30762
32327
32758
32040
30199
27298
23440
18759
13421
7612
1536
-4594
-10563
-16161
-21193
-25481
-28875
-31257
-32542
-32686
-31683
-29569
-26418
-22341
-17480
-12005
-6110
0
6110
12005
17480
22341
26418
29569
31683
32686
32542
0
6110
12005
17480
22341
26418
29569
31683
32686
32542
31257
28875
25481
21193
16161
10563
4594
-1536
-7612
-13421
-18759
-23440
-27298
-30199
-32040
-32758
-32327
-30762
-28118
-24487
-19998
-14807
-9097
-3068
3068
9097
14807
19998
24487
28118
30762
32327
32758
32040
30199
27298
23440
18759
13421
7612
1536
-4594
-10563
-16161
-21193
-25481
-28875
-31257
-32542
-32686
-31683
-29569
-26418
-22341
-17480
-12005
-6110
0
6110
12005
17480
22341
26418
29569
31683
32686
32542
31257
28875
25481
21193
16161
10563
4594
-1536
-7612
-13421
-18759
-23440
-27298
-30199
-32040
-32758
-32327
-30762
-28118
-24487
-19998
-14807
-9097
-3068
3068
9097
14807
19998
24487
28118
30762
32327
32758
32040
30199
27298
23440
18759
13421
7612
1536
-4594
-10563
-16161
-21193
-25481
-28875
-31257
-32542
-32686
-31683
-29569
-26418
-22341
-17480
-12005
-6110
0
6110
12005
17480
22341
26418
29569
31683
32686
32542
31257
28875
25481
21193
16161
10563
4594
-1536
-7612
-13421
-18759
-23440
-27298
-30199
-32040
-32758
-32327
-30762
-28118
-24487
-19998
-14807
-9097
-3068
3068
9097
14807
19998
24487
28118
30762
32327
32758
32040
30199
27298
23440
18759
13421
7612
1536
-4594
-10563
-16161
-21193
-25481
-28875
-31257
-32542
-32686
-31683
-29569
-26418
-22341
-17480
-12005
-6110
