6
8109
15713
22340
27577
31096
32686
32233
29787
25481
19585
12484
4592
-3580
-11526
-18755
-24826
-29350
-32038
-32743
-31404
-28120
-23078
-16608
-9101
-1020
7118
14801
21583
27010
30761
32598
32405
30193
26112
20404
13420
5600
-2556
-10565
-17905
-24142
-28877
-31814
-32766
-31682
-28626
-23800
-17479
-10078
-2041
6109
13880
20803
26422
30395
32478
32538
30579
26712
21199
14347
6614
-1534
-9589
-17041
-23440
-28383
-31550
-32758
-31930
-29115
-24485
-18343
-11041
-3072
5097
12957
19999
25806
29999
32326
32640
30929
27297
21967
15263
7610
-506
-8608
-16166
-22713
-27851
-31263
-32718
-32139
-29570
-25157
-19178
-12005
-4088
4085
12002
19181
25154
29571
32150
32719
31259
27849
22718
16160
8602
518
-7615
-15263
-21961
-27297
-30936
-32646
-32327
-29998
-25799
-19997
-12945
-5104
3065
11047
18341
24483
29114
31934
32758
31551
28376
23441
17045
9590
1538
-6611
-14351
-21200
-26715
-30578
-32542
-32475
-30398
-26419
-20800
-13885
-6111
2046
10079
17480
23794
28626
31686
32766
31813
28878
24145
17909
10564
2552
-5604
-13420
-20408
-26105
-30197
-32406
-32593
-30762
-27015
-21577
-14806
-7116
1029
9096
16606
23072
28116
31407
32742
32046
29346
24827
18758
11524
3576
-4596
-12473
-19585
-25483
-29785
-32238
-32688
-31097
-27580
-22337
-15717
-8110
6
8109
15713
22340
27577
31096
32686
32233
29787
25481
19585
12484
4592
-3580
-11526
-18755
-24826
-29350
-32038
-32743
-31404
-28120
-23078
-16608
-9101
-1020
7118
14801
21583
27010
30761
32598
32405
30193
26112
20404
13420
5600
-2556
-10565
-17905
-24142
-28877
-31814
-32766
-31682
-28626
-23800
-17479
-10078
-2041
6109
13880
20803
26422
30395
32478
32538
30579
26712
21199
14347
6614
-1534
-9589
-17041
-23440
-28383
-31550
-32758
-31930
-29115
-24485
-18343
-11041
-3072
5097
12957
19999
25806
29999
32326
32640
30929
27297
21967
15263
7610
-506
-8608
-16166
-22713
-27851
-31263
-32718
-32139
-29570
-25157
-19178
-12005
-4088
4085
12002
19181
25154
29571
32150
32719
31259
27849
22718
16160
8602
518
-7615
-15263
-21961
-27297
-30936
-32646
-32327
-29998
-25799
-19997
-12945
-5104
3065
11047
18341
24483
29114
31934
32758
31551
28376
23441
17045
9590
1538
-6611
-14351
-21200
-26715
-30578
-32542
-32475
-30398
-26419
-20800
-13885
-6111
2046
10079
17480
23794
28626
31686
32766
31813
28878
24145
17909
10564
2552
-5604
-13420
-20408
-26105
-30197
-32406
-32593
-30762
-27015
-21577
-14806
-7116
1029
9096
16606
23072
28116
31407
32742
32046
29346
24827
18758
11524
3576
-4596
-12473
-19585
-25483
-29785
-32238
-32688
-31097
-27580
-22337
-15717
-8110
6
8109
15713
22340
27577
31096
32686
32233
29787
25481
19585
12484
4592
-3580
-11526
-18755
-24826
-29350
-32038
-32743
-31404
-28120
-23078
-16608
-9101
-1020
7118
14801
21583
27010
30761
32598
32405
30193
26112
20404
13420
5600
-2556
-10565
-17905
-24142
-28877
-31814
-32766
-31682
-28626
-23800
-17479
-10078
-2041
6109
13880
20803
26422
30395
32478
32538
30579
26712
21199
14347
6614
-1534
-9589
-17041
-23440
-28383
-31550
-32758
-31930
-29115
-24485
-18343
-11041
-3072
5097
12957
19999
25806
29999
32326
32640
30929
27297
21967
15263
7610
-506
-8608
-16166
-22713
-27851
-31263
-32718
-32139
-29570
-25157
-19178
-12005
-4088
4085
12002
19181
25154
29571
32150
32719
31259
27849
22718
16160
8602
518
-7615
-15263
-21961
-27297
-30936
-32646
-32327
-29998
-25799
-19997
-12945
-5104
3065
11047
18341
24483
29114
31934
32758
31551
28376
23441
17045
9590
1538
-6611
-14351
-21200
-26715
-30578
-32542
-32475
-30398
-26419
-20800
-13885
-6111
2046
10079
17480
23794
28626
31686
32766
31813
28878
24145
17909
10564
2552
-5604
-13420
-20408
-26105
-30197
-32406
-32593
-30762
-27015
-21577
-14806
-7116
1029
9096
16606
23072
28116
31407
32742
32046
29346
24827
18758
11524
3576
-4596
-12473
-19585
-25483
-29785
-32238
-32688
-31097
-27580
-22337
-15717
-8110
6
8109
15713
22340
27577
31096
32686
32233
29787
25481
19585
12484
4592
-3580
-11526
-18755
-24826
-29350
-32038
-32743
-31404
-28120
-23078
-16608
-9101
-1020
7118
14801
21583
27010
30761
32598
32405
30193
26112
20404
13420
5600
-2556
-10565
-17905
-24142
-28877
-31814
-32766
-31682
-28626
-23800
-17479
-10078
-2041
6109
13880
20803
26422
30395
32478
32538
30579
26712
21199
14347
6614
-1534
-9589
-17041
-23440
-28383
-31550
-32758
-31930
-29115
-24485
-18343
-11041
-3072
5097
12957
19999
25806
29999
32326
32640
30929
27297
21967
15263
7610
-506
-8608
-16166
-22713
-27851
-31263
-32718
-32139
-29570
-25157
-19178
-12005
-4088
4085
12002
19181
25154
29571
32150
32719
31259
27849
22718
16160
8602
518
-7615
-15263
-21961
-27297
-30936
-32646
-32327
-29998
-25799
-19997
-12945
-5104
3065
11047
18341
24483
29114
31934
32758
31551
28376
23441
17045
9590
1538
-6611
-14351
-21200
-26715
-30578
-32542
-32475
-30398
-26419
-20800
-13885
-6111
2046
10079
17480
23794
28626
31686
32766
31813
28878
24145
17909
10564
2552
-5604
-13420
-20408
-26105
-30197
-32406
-32593
-30762
-27015
-21577
-14806
-7116
1029
9096
16606
23072
28116
31407
32742
32046
29346
24827
18758
11524
3576
-4596
-12473
-19585
-25483
-29785
-32238
-32688
-31097
-27580
-22337
-15717
-8110
6
8109
15713
22340
27577
31096
32686
32233
29787
25481
19585
12484
4592
-3580
-11526
-18755
-24826
-29350
-32038
-32743
-31404
-28120
-23078
-16608
-9101
-1020
7118
14801
21583
27010
30761
32598
32405
30193
26112
20404
13420
5600
-2556
-10565
-17905
-24142
-28877
-31814
-32766
-31682
-28626
-23800
-17479
-10078
-2041
6109
13880
20803
26422
30395
32478
32538
30579
26712
21199
14347
6614
-1534
-9589
-17041
-23440
-28383
-31550
-32758
-31930
-29115
-24485
-18343
-11041
-3072
5097
12957
19999
25806
29999
32326
32640
30929
27297
21967
15263
7610
-506
-8608
-16166
-22713
-27851
-31263
-32718
-32139
-29570
-25157
-19178
-12005
-4088
4085
12002
19181
25154
29571
32150
32719
31259
27849
22718
16160
8602
518
-7615
-15263
-21961
-27297
-30936
-32646
-32327
-29998
-25799
-19997
-12945
-5104
3065
11047
18341
24483
29114
31934
32758
31551
28376
23441
17045
9590
1538
-6611
-14351
-21200
-26715
-30578
-32542
-32475
-30398
-26419
-20800
-13885
-6111
2046
10079
17480
23794
28626
31686
32766
31813
28878
24145
17909
10564
2552
-5604
-13420
-20408
-26105
-30197
-32406
-32593
-30762
-27015
-21577
-14806
-7116
1029
9096
16606
23072
28116
31407
32742
32046
29346
24827
18758
11524
3576
-4596
-12473
-19585
-25483
-29785
-32238
-32688
-31097
-27580
-22337
-15717
-8110
6
8109
15713
22340
27577
31096
32686
32233
29787
25481
19585
12484
4592
-3580
-11526
-18755
-24826
-29350
-32038
-32743
-31404
-28120
-23078
-16608
-9101
-1020
7118
14801
21583
27010
30761
32598
32405
30193
26112
20404
13420
5600
-2556
-10565
-17905
-24142
-28877
-31814
-32766
-31682
-28626
-23800
-17479
-10078
-2041
6109
13880
20803
26422
30395
32478
32538
30579
26712
21199
14347
6614
-1534
-9589
-17041
-23440
-28383
-31550
-32758
-31930
-29115
-24485
-18343
-11041
-3072
5097
12957
19999
25806
29999
32326
32640
30929
27297
21967
15263
7610
-506
-8608
-16166
-22713
-27851
-31263
-32718
-32139
-29570
-25157
-19178
-12005
-4088
4085
12002
19181
25154
29571
32150
32719
31259
27849
22718
16160
8602
518
-7615
-15263
-21961
-27297
-30936
-32646
-32327
-29998
-25799
-19997
-12945
-5104
3065
11047
18341
24483
29114
31934
32758
31551
28376
23441
17045
9590
1538
-6611
-14351
-21200
-26715
-30578
-32542
-32475
-30398
-26419
-20800
-13885
-6111
2046
10079
17480
23794
28626
31686
32766
31813
28878
24145
17909
10564
2552
-5604
-13420
-20408
-26105
-30197
-32406
-32593
-30762
-27015
-21577
-14806
-7116
1029
9096
16606
23072
28116
31407
32742
32046
29346
24827
18758
11524
3576
-4596
-12473
-19585
-25483
-29785
-32238
-32688
-31097
-27580
-22337
-15717
-8110
6
8109
15713
22340
27577
31096
32686
32233
29787
25481
19585
12484
4592
-3580
-11526
-18755
-24826
-29350
-32038
-32743
-31404
-28120
-23078
-16608
-9101
-1020
7118
14801
21583
27010
30761
32598
32405
30193
26112
20404
13420
5600
-2556
-10565
-17905
-24142
-28877
-31814
-32766
-31682
-28626
-23800
-17479
-10078
-2041
6109
13880
20803
26422
30395
32478
32538
30579
26712
21199
14347
6614
-1534
-9589
-17041
-23440
-28383
-31550
-32758
-31930
-29115
-24485
-18343
-11041
-3072
5097
12957
19999
25806
29999
32326
32640
30929
27297
21967
15263
7610
-506
-8608
-16166
-22713
-27851
-31263
-32718
-32139
-29570
-25157
-19178
-12005
-4088
4085
12002
19181
25154
29571
32150
32719
31259
27849
22718
16160
8602
518
-7615
-15263
-21961
-27297
-30936
-32646
-32327
-29998
-25799
-19997
-12945
-5104
3065
11047
18341
24483
29114
31934
32758
31551
28376
23441
17045
9590
1538
-6611
-14351
-21200
-26715
-30578
-32542
-32475
-30398
-26419
-20800
-13885
-6111
2046
10079
17480
23794
28626
31686
32766
31813
28878
24145
17909
10564
2552
-5604
-13420
-20408
-26105
-30197
-32406
-32593
-30762
-27015
-21577
-14806
-7116
1029
9096
16606
23072
28116
31407
32742
32046
29346
24827
18758
11524
3576
-4596
-12473
-19585
-25483
-29785
-32238
-32688
-31097
-27580
-22337
-15717
-8110
6
8109
15713
22340
27577
31096
32686
32233
29787
25481
19585
12484
4592
-3580
-11526
-18755
-24826
-29350
-32038
-32743
-31404
-28120
-23078
-16608
-9101
-1020
7118
14801
21583
27010
30761
32598
32405
30193
26112
20404
13420
5600
-2556
-10565
-17905
-24142
-28877
-31814
-32766
-31682
-28626
-23800
-17479
-10078
-2041
6109
13880
20803
26422
30395
32478
32538
30579
26712
21199
14347
6614
-1534
-9589
-17041
-23440
-28383
-31550
-32758
-31930
-29115
-24485
-18343
-11041
-3072
5097
12957
19999
25806
29999
32326
32640
30929
27297
21967
15263
7610
-506
-8608
-16166
-22713
-27851
-31263
-32718
-32139
-29570
-25157
-19178
-12005
-4088
4085
12002
19181
25154
29571
32150
32719
31259
27849
22718
16160
8602
518
-7615
-15263
-21961
-27297
-30936
-32646
-32327
-29998
-25799
-19997
-12945
-5104
3065
11047
18341
24483
29114
31934
32758
31551
28376
23441
17045
9590
1538
-6611
-14351
-21200
-26715
-30578
-32542
-32475
-30398
-26419
-20800
-13885
-6111
2046
10079
17480
23794
28626
31686
32766
31813
28878
24145
17909
10564
2552
-5604
-13420
-20408
-26105
-30197
-32406
-32593
-30762
-27015
-21577
-14806
-7116
1029
9096
16606
23072
28116
31407
32742
32046
29346
24827
18758
11524
3576
-4596
-12473
-19585
-25483
-29785
-32238
-32688
-31097
-27580
-22337
-15717
-8110
6
8109
15713
22340
27577
31096
32686
32233
29787
25481
19585
12484
4592
-3580
-11526
-18755
-24826
-29350
-32038
-32743
-31404
-28120
-23078
-16608
-9101
-1020
7118
14801
21583
27010
30761
32598
32405
30193
26112
20404
13420
5600
-2556
-10565
-17905
-24142
-28877
-31814
-32766
-31682
-28626
-23800
-17479
-10078
-2041
6109
13880
20803
26422
30395
32478
32538
30579
26712
21199
14347
6614
-1534
-9589
-17041
-23440
-28383
-31550
-32758
-31930
-29115
-24485
-18343
-11041
-3072
5097
12957
19999
25806
29999
32326
32640
30929
27297
21967
15263
7610
-506
-8608
-16166
-22713
-27851
-31263
-32718
-32139
-29570
-25157
-19178
-12005
-4088
4085
12002
19181
25154
29571
32150
32719
31259
27849
22718
16160
8602
518
-7615
-15263
-21961
-27297
-30936
-32646
-32327
-29998
-25799
-19997
-12945
-5104
3065
11047
18341
24483
29114
31934
32758
31551
28376
23441
17045
9590
1538
-6611
-14351
-21200
-26715
-30578
-32542
-32475
-30398
-26419
-20800
-13885
-6111
2046
10079
17480
23794
28626
31686
32766
31813
28878
24145
17909
10564
2552
-5604
-13420
-20408
-26105
-30197
-32406
-32593
-30762
-27015
-21577
-14806
-7116
1029
9096
16606
23072
28116
31407
32742
32046
29346
24827
18758
11524
3576
-4596
-12473
-19585
-25483
-29785
-32238
-32688
-31097
-27580
-22337
-15717
-8110
6
8109
15713
22340
27577
31096
32686
32233
29787
25481
19585
12484
4592
-3580
-11526
-18755
-24826
-29350
-32038
-32743
-31404
-28120
-23078
-16608
-9101
-1020
7118
14801
21583
27010
30761
32598
32405
30193
26112
20404
13420
5600
-2556
-10565
-17905
-24142
-28877
-31814
-32766
-31682
-28626
-23800
-17479
-10078
-2041
6109
13880
20803
26422
30395
32478
32538
30579
26712
21199
14347
6614
-1534
-9589
-17041
-23440
-28383
-31550
-32758
-31930
-29115
-24485
-18343
-11041
-3072
5097
12957
19999
25806
29999
32326
32640
30929
27297
21967
15263
7610
-506
-8608
-16166
-22713
-27851
-31263
-32718
-32139
-29570
-25157
-19178
-12005
-4088
4085
12002
19181
25154
29571
32150
32719
31259
27849
22718
16160
8602
518
-7615
-15263
-21961
-27297
-30936
-32646
-32327
-29998
-25799
-19997
-12945
-5104
3065
11047
18341
24483
29114
31934
32758
31551
28376
23441
17045
9590
1538
-6611
-14351
-21200
-26715
-30578
-32542
-32475
-30398
-26419
-20800
-13885
-6111
2046
10079
17480
23794
28626
31686
32766
31813
28878
24145
17909
10564
2552
-5604
-13420
-20408
-26105
-30197
-32406
-32593
-30762
-27015
-21577
-14806
-7116
1029
9096
16606
23072
28116
31407
32742
32046
29346
24827
18758
11524
3576
-4596
-12473
-19585
-25483
-29785
-32238
-32688
-31097
-27580
-22337
-15717
-8110
