0
5101
10077
14807
19177
23079
26418
29114
31099
32327
32766
32406
31257
29345
26718
23440
19590
15262
10563
5606
512
-4594
-9588
-14349
-18759
-22713
-26112
-28875
-30934
-32239
-32758
-32478
-31407
-29569
-27011
-23795
-19998
-15714
-11046
-6110
-1024
4086
9097
13887
18337
22341
25800
28630
30762
32144
32742
32542
31549
29787
27298
24144
20401
16161
11527
6612
1536
-3578
-8604
-13421
-17911
-21963
-25481
-28377
-30581
-32040
-32718
-32598
-31683
-29996
-27578
-24487
-20800
-16605
-12005
-7113
-2047
3068
8109
12952
17480
21581
25156
28118
30394
31929
32686
32646
31810
30199
27851
24825
21193
17044
12480
7612
2558
-2558
-7612
-12480
-17044
-21193
-24825
-27851
-30199
-31810
-32646
-32686
-31929
-30394
-28118
-25156
-21581
-17480
-12952
-8109
-3068
2047
7113
12005
16605
20800
24487
27578
29996
31683
32598
32718
32040
30581
28377
25481
21963
17911
13421
8604
3578
-1536
-6612
-11527
-16161
-20401
-24144
-27298
-29787
-31549
-32542
-32742
-32144
-30762
-28630
-25800
-22341
-18337
-13887
-9097
-4086
1024
6110
11046
15714
19998
23795
27011
29569
31407
32478
32758
32239
30934
28875
26112
22713
18759
14349
9588
4594
-512
-5606
-10563
-15262
-19590
-23440
-26718
-29345
-31257
-32406
-32766
-32327
-31099
-29114
-26418
-23079
-19177
-14807
-10077
-5101
