0
12005
22341
29569
32686
31257
25481
16161
4594
-7612
-18759
-27298
-32040
-32327
-28118
-19998
-27851
-31257
-32718
-32144
-29569
-25156
-19177
-12005
-4086
4086
12005
19177
25156
29569
32144
32718
31257
27851
22713
16161
8604
512
-7612
-15262
-21963
-27298
-30934
-32646
-32327
-29996
-25800
-19998
-12952
-5101
-16161
-25481
-31257
-32686
-29569
-22341
-12005
0
12005
22341
29569
32686
31257
25481
16161
4594
-7612
-18759
-27298
-32040
-32327
-28118
-19998
-9097
3068
14807
24487
30762
32758
30199
23440
13421
1536
-10563
-21193
-28875
-32542
-31683
-26418
-17480
-6110
6110
17480
26418
31683
32542
28875
21193
10563
-1536
-13421
-23440
-30199
-32758
-30762
-24487
-14807
-3068
9097
19998
28118
32327
32040
27298
18759
7612
-4594
-16161
-25481
-31257
-32686
-29569
-22341
-12005
0
12005
22341
29569
32686
31257
25481
16161
4594
-7612
-18759
-27298
-32040
-32327
-28118
-19998
-9097
3068
14807
24487
30762
32758
30199
23440
13421
1536
-10563
-21193
-28875
-32542
-31683
-26418
-17480
-6110
6110
17480
26418
31683
32542
28875
21193
10563
-1536
-13421
-23440
-30199
-32758
-30762
-24487
-14807
-3068
9097
19998
28118
32327
32040
27298
18759
7612
-4594
-16161
-25481
-31257
-32686
-29569
-22341
-12005
0
12005
22341
29569
32686
31257
25481
16161
4594
-7612
0
12005
22341
29569
32686
32327
32646
30934
27298
21963
15262
7612
-512
-8604
-16161
-22713
-27851
-31257
-32718
-32144
-29569
-25156
-19177
-12005
-4086
4086
12005
19177
25156
29569
32144
32718
31257
27851
22713
16161
8604
512
-7612
-15262
-21963
-27298
-30934
-32646
-32327
-29996
-25800
-19998
-12952
-5101
-16161
-25481
-31257
-32686
-29569
-22341
-12005
0
12005
22341
29569
32686
31257
25481
16161
4594
-7612
-18759
-27298
-32040
-32327
-28118
-19998
-9097
3068
14807
24487
30762
32758
30199
23440
13421
1536
-10563
-21193
-28875
-32542
-31683
-26418
-17480
-6110
6110
17480
26418
31683
32542
28875
21193
10563
-1536
-13421
-23440
-30199
-32758
-30762
-24487
-14807
-3068
9097
19998
28118
32327
32040
27298
18759
7612
-4594
-16161
-25481
-31257
-32686
-29569
-22341
-12005
0
12005
22341
29569
32686
31257
25481
16161
4594
-7612
-18759
-27298
-32040
-32327
-28118
-19998
-9097
3068
14807
24487
30762
32758
30199
23440
13421
1536
-10563
-21193
-28875
-32542
-31683
-26418
-17480
-6110
6110
17480
26418
31683
32542
28875
21193
10563
-1536
-13421
-23440
-30199
-32758
-30762
-24487
-14807
-3068
9097
19998
28118
32327
32040
27298
18759
7612
-4594
-16161
-25481
-31257
-32686
-29569
-22341
-12005
0
12005
22341
29569
32686
31257
25481
16161
4594
-7612
0
12005
22341
29569
32686
31257
25481
16161
4594
-7612
-18759
-27298
-32040
-32327
-28118
-19998
-9097
3068
14807
24487
30762
32758
30199
23440
13421
1536
-10563
-21193
-28875
-32542
-31683
-26418
-17480
-6110
6110
17480
26418
31683
32542
28875
21193
10563
-1536
-13421
-23440
-30199
-32758
-30762
-24487
-14807
-3068
9097
19998
28118
32327
32040
27298
18759
7612
-4594
-16161
-25481
-31257
-32686
-29569
-22341
-12005
0
12005
22341
29569
32686
31257
25481
16161
4594
-7612
-18759
-27298
-32040
-32327
-28118
-19998
-9097
3068
14807
24487
30762
32758
30199
23440
13421
1536
-10563
-21193
-28875
-32542
-31683
-26418
-17480
-6110
6110
17480
26418
31683
32542
28875
21193
10563
-1536
-13421
-23440
-30199
-32758
-30762
-24487
-14807
-3068
9097
19998
28118
32327
32040
27298
18759
7612
-4594
-16161
-25481
-31257
-32686
-29569
-22341
-12005
0
12005
22341
29569
32686
31257
25481
16161
4594
-7612
-18759
-27298
-32040
-32327
-28118
-19998
-9097
3068
14807
24487
30762
32758
30199
23440
13421
1536
-10563
-21193
-28875
-32542
-31683
-26418
-17480
-6110
6110
17480
26418
31683
32542
28875
21193
10563
-1536
-13421
-23440
-30199
-32758
-30762
-24487
-14807
-3068
9097
19998
28118
32327
32040
27298
18759
7612
-4594
-16161
-25481
-31257
-32686
-29569
-22341
-12005
