0
7113
13887
19998
25156
29114
31683
32742
32239
30199
26718
21963
16161
9588
2558
-4594
-11527
-17911
-23440
-27851
-30934
-32542
-32598
-31099
-28118
-23795
-18337
-12005
-5101
2047
9097
15714
21581
26418
29996
32144
32758
31810
29345
25481
20401
14349
7612
512
-6612
-13421
-19590
-24825
-28875
-31549
-32718
-32327
-30394
-27011
-22341
-16605
-10077
-3068
4086
11046
17480
23079
27578
30762
32478
32646
31257
28377
24144
18759
12480
5606
-1536
-8604
-15262
-21193
-26112
-29787
-32040
-32766
-31929
-29569
-25800
-20800
-14807
-8109
-1024
6110
12952
19177
24487
28630
31407
32686
32406
30581
27298
22713
17044
10563
3578
-3578
-10563
-17044
-22713
-27298
-30581
-32406
-32686
-31407
-28630
-24487
-19177
-12952
-6110
1024
8109
14807
20800
25800
29569
31929
32766
32040
29787
26112
21193
15262
8604
1536
-5606
-12480
-18759
-24144
-28377
-31257
-32646
-32478
-30762
-27578
-23079
-17480
-11046
-4086
3068
10077
16605
22341
27011
30394
32327
32718
31549
28875
24825
19590
13421
6612
-512
-7612
-14349
-20401
-25481
-29345
-31810
-32758
-32144
-29996
-26418
-21581
-15714
-9097
-2047
5101
12005
18337
23795
28118
31099
32598
32542
30934
27851
23440
17911
11527
4594
-2558
-9588
-16161
-21963
-26718
-30199
-32239
-32742
-31683
-29114
-25156
-19998
-13887
-7113
