0
8109
15714
22341
27578
31099
32686
32239
29787
25481
19590
12480
4594
-3578
-11527
-18759
-24825
-29345
-32040
-32742
-31407
-28118
-23079
-16605
-9097
-1024
7113
14807
21581
27011
30762
32598
32406
30199
26112
20401
13421
5606
-2558
-10563
-17911
-24144
-28875
-31810
-32766
-31683
-28630
-23795
-17480
-10077
-2047
6110
13887
20800
26418
30394
32478
32542
30581
26718
21193
14349
6612
-1536
-9588
-17044
-23440
-28377
-31549
-32758
-31929
-29114
-24487
-18337
-11046
-3068
5101
12952
19998
25800
29996
32327
32646
30934
27298
21963
15262
7612
-512
-8604
-16161
-22713
-27851
-31257
-32718
-32144
-29569
-25156
-19177
-12005
-4086
4086
12005
19177
25156
29569
32144
32718
31257
27851
22713
16161
8604
512
-7612
-15262
-21963
-27298
-30934
-32646
-32327
-29996
-25800
-19998
-12952
-5101
3068
11046
18337
24487
29114
31929
32758
31549
28377
23440
17044
9588
1536
-6612
-14349
-21193
-26718
-30581
-32542
-32478
-30394
-26418
-20800
-13887
-6110
2047
10077
17480
23795
28630
31683
32766
31810
28875
24144
17911
10563
2558
-5606
-13421
-20401
-26112
-30199
-32406
-32598
-30762
-27011
-21581
-14807
-7113
1024
9097
16605
23079
28118
31407
32742
32040
29345
24825
18759
11527
3578
-4594
-12480
-19590
-25481
-29787
-32239
-32686
-31099
-27578
-22341
-15714
-8109
